609211759131767563
609184782447254935
609135699563817035
608890998091801699
608395625158874867
607839349579136091
607828758190726810
607732529447439270
607694583415287113
607432968363824383
607318417291199937
607068750845301417
593317781688240663
608847777836587590
608353744931437964
608135582064275924
607961395370197510
607030834870494678
604814983936269541
602628570708541660
597404559036218484
597054476242885781
593625301344605753
591860056900779754
609285005505767921
608100827193818191
607626306317452012
607335781846194642
606283845572590510
605784860562049028
605433222999627999
603983108898949719
603308872043792108
602922685773507875
602078080452715449
601021969469712527
609211759131767563
609184782447254935
609135699563817035
608890998091801699
608395625158874867
607839349579136091
607828758190726810
607732529447439270
607694583415287113
607432968363824383
607318417291199937
607068750845301417
608123633467236570
608029556498512348
607782153505338496
607747308434229490
606914991011578842
606664770514903065
606355923711246320
605205151651574228
604696756371296153
603989285060905358
602920778800671798
600593726864327759
609445637281196707
608146877827345505
607590271538538714
607391363021548680
607041250166287693
606296511431263765
604392457941288343
604312502823335753
604026260435638259
603941091234692874
602224925385566614
602209489265638583
607775831310264551
604783098099836627
599513649970482368
599169683220824333
595871354492332729
595398130696362099
584706587008861417
579094043998894762
578712500581261490
569059385488281552
566494121786004136
565012246398332766

610029224561615274
610029224561615274
610051150369913323
610051150369913323
610206486443035162
610276932504305351
610294511805710833
610291883279398443
610303733099570034
610303733099570034
610391217284722386
610442318805677129
610610861916717061
610610861916717061
610616806149434907
610685023108020707
610774178040460922
611123431902799422
